1314714	ENSG00000221978	1	rs2260424	A	G	1|1	1|1	1|1	1|1	1|1	1|1	1|0
1361202	ENSG00000221978	1	rs145035575	C	G	0|0	0|0	0|0	0|0	0|0	0|0	0|0
1303299	ENSG00000221978	1	rs35125219	C	T	0|1	0|0	0|0	0|0	0|0	0|0	0|0
1425407	ENSG00000221978	1	rs2649578	A	G	0|0	0|0	0|0	0|0	0|0	0|0	0|1
1320129	ENSG00000221978	1	rs9727393	C	G	1|0	1|1	1|1	1|1	1|1	1|1	1|0
1312811	ENSG00000221978	1	rs34582295	C	T	1|0	1|1	0|1	1|1	1|1	1|1	1|0
1259561	ENSG00000221978	1	rs189752537	A	G	1|0	0|1	1|1	1|1	1|1	1|1	0|0
1305810	ENSG00000221978	1	rs35194784	T	C	0|1	0|0	0|0	0|0	0|0	0|0	0|0
1367036	ENSG00000221978	1	rs2291888	G	A	1|0	0|0	1|0	0|0	0|0	0|0	0|0
1344067	ENSG00000221978	1	rs1240712	T	C	0|0	0|0	0|0	0|0	0|0	0|0	0|1
1360515	ENSG00000221978	1	rs112030392	T	C	0|0	0|0	0|0	0|0	0|0	0|0	0|0
1305201	ENSG00000221978	1	rs34372380	C	T	0|1	0|0	0|0	0|0	0|0	0|0	0|0
1288823	ENSG00000221978	1	rs2296471	A	G	1|1	1|1	1|1	1|1	1|1	1|1	1|0
1276742	ENSG00000221978	1	rs200805477	GAC	G	0|0	0|0	0|0	0|0	0|0	0|0	0|1
1247494	ENSG00000221978	1	rs12103	T	C	1|0	1|1	1|1	1|1	1|1	1|1	1|0
1429485	ENSG00000221978	1	rs79607068	G	A	0|0	0|0	0|0	0|0	0|0	0|0	0|0
1303427	ENSG00000221978	1	rs34703950	ACT	A	1|1	1|1	1|1	1|1	1|1	1|1	1|0
1313584	ENSG00000221978	1	rs11489820	G	C	1|0	1|1	1|1	1|1	1|1	1|1	1|0
1303557	ENSG00000221978	1	rs79471774	G	C	0|1	0|0	0|0	0|0	0|0	0|0	0|0
1286754	ENSG00000221978	1	rs184571809	C	T	0|0	0|0	0|0	1|0	0|0	0|0	0|0
1352127	ENSG00000221978	1	rs142171871	CT	C	0|0	0|0	0|1	0|0	0|0	0|0	0|1
1241903	ENSG00000221978	1	rs3737719	C	G	1|1	1|1	1|1	1|1	1|1	1|1	1|0
1300946	ENSG00000221978	1	rs2936661	G	A	1|0	1|1	1|1	1|1	1|0	1|1	1|1
1304856	ENSG00000221978	1	rs34974211	CTT	C	0|1	0|0	0|0	0|0	0|0	0|0	0|0
1347309	ENSG00000221978	1	rs1240720	G	C	0|0	0|0	0|0	0|0	0|0	0|0	0|1
1300578	ENSG00000221978	1	rs28503348	C	T	0|1	0|0	0|0	0|0	0|0	0|0	0|0
1252309	ENSG00000221978	1	rs35031478	A	T	0|1	0|0	0|0	0|0	0|0	0|0	0|0
1387920	ENSG00000221978	1	rs1625156	G	A	1|0	0|0	1|0	0|0	0|0	0|0	0|0
1395983	ENSG00000221978	1	rs2801372	T	C	1|1	1|1	1|1	1|1	0|1	1|1	1|1
1403474	ENSG00000221978	1	rs1240727	G	C	0|0	0|0	0|0	0|0	0|0	0|0	0|0
1305007	ENSG00000221978	1	rs34561762	T	C	0|1	0|0	0|0	0|0	0|0	0|0	0|0
1233131	ENSG00000221978	1	rs6664893	G	A	0|0	0|0	0|0	0|0	0|0	0|0	0|1
1299946	ENSG00000221978	1	rs34522599	T	C	0|1	0|0	0|0	0|0	0|0	0|0	0|0
1303677	ENSG00000221978	1	rs34567656	C	T	0|1	0|0	0|0	0|0	0|0	0|0	0|0
1420662	ENSG00000221978	1	rs3736372	A	G	0|0	0|0	0|0	0|0	0|0	0|0	0|0
1259513	ENSG00000221978	1	rs181195134	G	A	0|0	0|1	0|0	0|0	1|0	1|0	0|1
1276459	ENSG00000221978	1	rs307365	C	A	1|1	1|1	1|1	1|1	1|1	1|1	1|0
1374834	ENSG00000221978	1	rs1892289	A	G	0|0	0|0	1|0	0|0	0|0	0|0	0|0
1384389	ENSG00000221978	1	rs11485866	A	T	1|0	0|0	1|0	0|0	0|0	0|0	0|0
1428230	ENSG00000221978	1	rs819982	G	A	0|0	0|0	0|0	0|0	0|0	0|0	0|1
1286794	ENSG00000221978	1	rs35104845	C	T	0|1	1|1	1|1	1|1	1|1	1|1	1|1
1242215	ENSG00000221978	1	rs4970431	A	G	1|1	1|1	1|1	1|1	1|1	1|1	1|1
1362892	ENSG00000221978	1	rs57545771	T	C	0|0	0|1	0|0	1|1	1|0	0|1	0|0
1316670	ENSG00000221978	1	rs2765029	C	G	1|1	1|1	1|1	1|1	1|1	1|1	1|0
1295403	ENSG00000221978	1	rs34876581	T	C	1|1	1|1	1|1	1|1	1|1	1|1	1|0
1287127	ENSG00000221978	1	rs307380	G	A	1|1	1|1	1|1	1|1	1|1	1|1	1|0
1407372	ENSG00000221978	1	rs188574574	T	C	0|0	0|0	0|0	0|0	0|0	0|0	0|1
1427999	ENSG00000221978	1	rs59289285	A	AC	0|0	0|0	0|0	0|0	0|0	0|0	0|1
1304700	ENSG00000221978	1	rs150231511	GT	G	0|1	0|0	0|0	0|0	0|0	0|0	0|0
1310668	ENSG00000221978	1	rs2242398	A	C	1|1	1|1	1|1	1|1	1|1	1|1	1|0
1286701	ENSG00000221978	1	rs35915703	G	C	0|1	0|0	0|0	0|0	0|0	0|0	0|0
1424032	ENSG00000221978	1	rs819978	A	G	0|0	0|0	0|0	0|0	0|0	0|0	0|1
1268159	ENSG00000221978	1	rs3813210	C	T	0|0	0|0	0|0	0|0	0|0	0|0	0|1
1359458	ENSG00000221978	1	rs1695851	G	A	0|0	0|0	0|0	0|0	0|0	0|0	0|0
1303350	ENSG00000221978	1	rs77752170	T	G	0|1	0|0	0|0	0|0	0|0	0|0	0|0
1361130	ENSG00000221978	1	rs138985554	T	C	0|0	0|0	0|0	0|0	0|0	0|0	0|0
1394771	ENSG00000221978	1	rs78193071	A	G	0|0	0|0	0|0	0|0	0|0	0|0	0|0
1269986	ENSG00000221978	1	rs35424002	G	A	0|0	0|0	0|0	0|0	0|0	0|0	0|1
1387348	ENSG00000221978	1	rs1781143	C	T	1|0	0|0	1|0	0|0	0|0	0|0	0|0
1305964	ENSG00000221978	1	rs34457386	G	C	0|1	0|0	0|0	0|0	0|0	0|0	0|0
1311022	ENSG00000221978	1	rs2649593	C	T	0|1	0|0	0|0	0|0	0|0	0|0	0|0
1403972	ENSG00000221978	1	.	C	CG	0|0	0|0	0|0	0|0	0|0	0|0	0|0
1239339	ENSG00000221978	1	rs11260584	T	G	1|1	1|1	1|1	1|1	1|1	1|1	1|0
1292749	ENSG00000221978	1	rs35993679	C	T	1|1	1|1	1|1	1|1	1|1	1|1	1|0
1364349	ENSG00000221978	1	rs1695825	T	C	1|0	0|0	1|0	0|0	0|0	0|0	0|0
1298836	ENSG00000221978	1	rs200177476	CAG	C	1|0	1|1	0|1	0|1	1|1	1|1	1|1
1275956	ENSG00000221978	1	rs111883533	C	T	0|0	0|0	0|0	0|0	0|0	0|0	0|1
1389083	ENSG00000221978	1	rs1695861	A	G	1|0	0|0	1|0	0|0	0|0	0|0	0|0
1365570	ENSG00000221978	1	rs1695824	A	C	1|0	0|0	1|0	0|0	0|0	0|0	0|0
1311716	ENSG00000221978	1	rs2649589	G	A	1|1	1|1	1|1	1|1	1|1	1|1	1|0
1304389	ENSG00000221978	1	rs35459109	T	C	0|1	0|0	0|0	0|0	0|0	0|0	0|0
1390717	ENSG00000221978	1	rs1695866	A	G	1|0	0|0	1|0	0|0	0|0	0|0	0|0
1263362	ENSG00000221978	1	rs4970433	G	A	1|1	1|1	1|1	1|1	1|1	1|1	1|0
1380435	ENSG00000221978	1	rs146236747	G	A	0|0	0|0	0|0	0|0	0|0	0|0	0|0
1304787	ENSG00000221978	1	rs35435148	G	A	0|1	0|0	0|0	0|0	0|0	0|0	0|0
1314245	ENSG00000221978	1	rs2454653	C	T	1|1	1|1	1|1	1|1	1|1	1|1	1|0
1237604	ENSG00000221978	1	rs2296475	T	C	1|1	1|1	1|1	1|1	1|1	1|1	1|1
1358723	ENSG00000221978	1	rs1695854	G	T	0|0	0|0	0|0	0|0	0|0	0|0	0|0
1388932	ENSG00000221978	1	rs1695860	G	A	1|0	0|0	1|0	0|0	0|0	0|0	0|0
1287922	ENSG00000221978	1	rs3766185	G	A	1|1	1|1	1|1	1|1	1|1	1|1	1|0
1345970	ENSG00000221978	1	rs28756423	A	G	0|0	0|0	0|0	0|0	0|0	0|0	0|1
1276478	ENSG00000221978	1	rs307364	T	G	1|1	0|1	1|1	1|1	1|1	1|1	1|0
1319636	ENSG00000221978	1	rs2477779	T	G	1|0	1|1	0|1	1|1	1|0	1|1	1|1
1297848	ENSG00000221978	1	rs111301087	TA	T	1|1	1|1	1|1	1|0	1|1	1|1	1|0
1351146	ENSG00000221978	1	rs182181716	G	A	0|0	0|0	0|0	0|0	0|0	0|0	0|0
1242707	ENSG00000221978	1	rs2274262	A	G	1|1	1|1	1|1	1|1	1|1	1|1	1|0
1388205	ENSG00000221978	1	rs201870532	AAAG	A	1|0	0|0	1|0	0|0	0|0	0|0	0|0
1308386	ENSG00000221978	1	rs74984084	G	A	0|1	0|0	0|0	0|0	0|0	0|0	0|0
1376567	ENSG00000221978	1	rs1240697	A	G	1|0	0|0	1|0	0|0	0|0	0|0	0|0
1299366	ENSG00000221978	1	rs28368296	C	T	1|0	1|1	1|1	1|1	1|1	1|1	1|1
1305700	ENSG00000221978	1	rs113429154	A	G	0|1	0|0	0|0	0|0	0|0	0|0	0|0
1265460	ENSG00000221978	1	rs35744813	T	C	1|1	1|1	1|1	1|1	1|1	1|1	1|0
1314015	ENSG00000221978	1	rs2649588	C	T	1|1	1|1	1|1	1|1	1|1	1|1	1|0
1378513	ENSG00000221978	1	rs1240696	T	C	1|1	1|1	0|1	1|1	1|1	1|1	1|1
1345996	ENSG00000221978	1	rs1240716	G	T	0|0	0|0	0|0	0|0	0|0	0|0	0|1
1345003	ENSG00000221978	1	rs1240713	T	C	0|0	0|0	0|0	0|0	0|0	0|0	0|1
1387764	ENSG00000221978	1	rs9793256	G	A	1|0	0|0	1|0	0|0	0|0	0|0	0|0
1373482	ENSG00000221978	1	rs3845296	G	C	1|0	0|0	1|0	0|0	0|0	0|0	0|0
1415099	ENSG00000221978	1	rs1153105	T	C	0|0	0|0	1|0	0|0	0|0	0|0	0|0
1297216	ENSG00000221978	1	rs2649611	A	G	1|1	1|1	1|1	1|1	1|1	1|1	1|1
1321299	ENSG00000221978	1	rs70949585	A	AG	0|1	1|1	1|1	1|1	1|1	1|1	1|0
1299278	ENSG00000221978	1	rs28821228	C	T	1|0	1|1	1|1	1|1	1|1	1|1	1|1
1289911	ENSG00000221978	1	rs4970365	G	A	1|1	1|1	1|1	1|1	1|1	1|1	1|0
1373373	ENSG00000221978	1	rs3843249	G	A	1|0	0|0	1|0	0|0	0|0	0|0	0|0
1305066	ENSG00000221978	1	rs34883051	T	C	0|1	0|0	0|0	0|0	0|0	0|0	0|0
1430585	ENSG00000221978	1	rs4012770	G	A	0|0	0|0	0|0	0|0	0|0	0|0	0|0
1303374	ENSG00000221978	1	rs35045511	C	A	0|1	0|0	0|0	0|0	0|0	0|0	0|0
1352426	ENSG00000221978	1	rs111772342	C	T	0|0	0|0	0|0	0|0	0|0	0|0	0|0
1342612	ENSG00000221978	1	rs2275915	G	C	1|0	0|0	0|0	0|1	0|0	0|1	0|0
1378173	ENSG00000221978	1	rs711180	G	A	1|0	0|0	1|0	0|0	0|0	0|0	0|0
1299633	ENSG00000221978	1	rs34734423	C	G	0|1	0|0	0|0	0|0	0|0	0|0	0|0
1333598	ENSG00000221978	1	rs35242196	C	A	1|0	0|0	0|0	0|0	0|0	0|0	0|0
1387726	ENSG00000221978	1	rs9793066	A	G	1|0	0|0	1|0	0|0	0|0	0|0	0|0
1392995	ENSG00000221978	1	rs2649604	C	A	1|0	0|0	0|0	0|1	0|0	0|0	0|1
1329803	ENSG00000221978	1	rs1240747	A	G	1|0	0|0	0|0	0|0	0|0	0|0	0|1
1237036	ENSG00000221978	1	rs2477782	T	C	0|0	0|0	0|0	0|0	0|0	0|0	0|1
1421991	ENSG00000221978	1	rs860213	G	A	0|0	0|0	0|0	0|0	0|0	0|0	0|1
1362883	ENSG00000221978	1	rs58304223	G	C	0|0	0|1	0|0	1|1	1|1	0|0	0|0
1378837	ENSG00000221978	1	rs1240695	T	C	1|0	0|0	1|0	0|0	0|0	0|0	0|0
1344686	ENSG00000221978	1	rs112301494	A	G	0|0	0|0	0|0	0|0	0|0	0|0	0|1
1361633	ENSG00000221978	1	rs12022947	G	A	1|0	0|0	0|0	0|0	0|0	0|0	0|0
1359600	ENSG00000221978	1	rs1781136	A	G	0|0	0|0	0|0	0|0	0|0	0|0	0|0
1302891	ENSG00000221978	1	rs78921940	ATGAG	A	0|1	0|0	0|0	0|0	0|0	0|0	0|0
1432985	ENSG00000221978	1	rs819986	G	C	0|0	0|0	1|0	0|0	0|0	0|0	0|0
1310074	ENSG00000221978	1	rs2765035	C	G	1|1	1|1	1|1	1|1	1|1	1|1	1|1
1404236	ENSG00000221978	1	rs1240730	C	T	0|0	0|0	0|0	0|0	0|0	0|0	0|0
1259551	ENSG00000221978	1	rs185282386	A	G	1|0	1|1	1|1	1|1	1|0	1|1	0|0
1323143	ENSG00000221978	1	rs141100746	CCT	C	0|1	1|1	1|1	1|1	1|1	1|1	1|0
1245368	ENSG00000221978	1	rs11590283	G	A	1|0	1|1	1|1	1|1	1|1	1|1	1|0
1264539	ENSG00000221978	1	rs307354	G	C	1|1	1|1	1|1	1|1	1|1	1|1	1|0
1406524	ENSG00000221978	1	rs1240734	G	C	0|0	0|0	0|0	0|0	0|0	0|0	0|0
1281345	ENSG00000221978	1	rs307357	C	T	1|1	1|1	1|1	1|1	1|1	1|1	1|0
1305697	ENSG00000221978	1	rs111421264	G	C	0|1	0|0	0|0	0|0	0|0	0|0	0|0
1358442	ENSG00000221978	1	rs1695855	C	T	0|0	0|0	0|0	0|0	0|0	0|0	0|0
1382501	ENSG00000221978	1	rs200811494	T	TTC	1|0	0|0	1|0	0|0	0|0	0|0	0|0
1298411	ENSG00000221978	1	rs4970439	C	T	1|1	1|1	1|1	1|1	1|1	1|1	1|0
1309885	ENSG00000221978	1	rs35745967	A	G	0|1	0|0	0|0	0|0	0|0	0|0	0|0
1347868	ENSG00000221978	1	rs113466973	C	CAG	0|0	0|0	0|0	0|0	0|0	0|0	0|1
1276930	ENSG00000221978	1	rs75244934	GCA	G	0|1	0|0	0|0	0|0	0|0	0|0	0|0
1256608	ENSG00000221978	1	rs76947392	G	A	1|0	0|0	0|0	0|0	1|1	1|0	0|0
1222695	ENSG00000221978	1	rs910556	G	C	0|0	0|0	0|0	0|0	0|0	0|0	0|0
1388289	ENSG00000221978	1	rs1781145	A	C	1|0	0|0	1|0	0|0	0|0	0|0	0|0
1430616	ENSG00000221978	1	rs3851852	T	C	0|0	0|0	0|0	0|0	0|0	0|0	0|0
1361316	ENSG00000221978	1	rs74047250	G	A	0|0	0|0	0|0	0|0	0|0	0|0	0|0
1314172	ENSG00000221978	1	rs2477777	C	T	1|1	1|1	1|1	1|1	1|1	1|1	1|0
1289366	ENSG00000221978	1	.	ACT	A	1|1	1|1	1|1	1|1	0|1	1|1	1|0
1288583	ENSG00000221978	1	rs3845295	C	G	1|1	1|1	1|1	1|1	1|1	1|1	1|0
1239953	ENSG00000221978	1	rs10399878	A	G	1|1	1|1	1|1	1|1	1|1	1|1	1|1
1307638	ENSG00000221978	1	rs2649597	T	C	1|1	1|1	1|1	1|1	1|1	1|1	1|1
1396575	ENSG00000221978	1	rs74783851	T	TC	0|0	0|0	0|0	0|0	0|0	0|0	0|0
1243558	ENSG00000221978	1	rs139775692	GGGGCGCGGGGA	G	0|1	0|0	0|0	0|0	0|0	0|0	0|0
1404849	ENSG00000221978	1	rs74572329	G	C	0|0	0|0	0|0	0|0	0|0	0|0	0|0
1226348	ENSG00000221978	1	rs586965	C	G	0|0	0|0	0|0	0|0	0|0	0|0	0|0
1414714	ENSG00000221978	1	rs1153102	A	G	0|0	0|0	0|0	0|0	0|0	0|0	0|0
1267325	ENSG00000221978	1	rs200330269	G	GC	0|0	0|0	0|0	0|0	0|0	0|0	0|1
1380620	ENSG00000221978	1	rs1153094	A	G	1|0	0|0	1|0	0|0	0|0	0|0	0|0
1305096	ENSG00000221978	1	rs34953014	G	C	0|1	0|0	0|0	0|0	0|0	0|0	0|0
1395750	ENSG00000221978	1	rs78757391	T	C	0|0	0|0	0|0	0|0	0|0	0|0	0|0
1420704	ENSG00000221978	1	rs4970453	C	T	0|0	0|0	0|0	0|0	0|0	0|1	0|0
1404468	ENSG00000221978	1	rs1240731	T	C	0|0	0|0	1|0	0|0	0|0	0|0	0|0
1320764	ENSG00000221978	1	rs4970444	G	A	1|1	1|1	1|1	1|1	1|1	1|1	1|0
1232319	ENSG00000221978	1	rs604618	G	A	0|0	0|0	0|0	0|0	0|0	0|0	0|1
1389341	ENSG00000221978	1	rs74314585	C	T	1|0	0|0	1|0	0|0	0|0	0|0	0|0
1423267	ENSG00000221978	1	rs819977	A	G	0|0	0|0	0|0	0|0	0|0	0|0	0|1
1400742	ENSG00000221978	1	rs1240723	T	C	1|1	1|1	1|1	1|1	0|1	1|1	1|1
1432986	ENSG00000221978	1	rs4970454	C	G	0|0	0|0	0|0	0|0	0|0	0|0	0|0
1360393	ENSG00000221978	1	rs2801380	C	T	0|0	0|0	0|0	0|0	0|0	0|0	0|0
1299737	ENSG00000221978	1	rs2313198	A	C	0|1	0|0	0|0	0|0	0|0	0|0	0|0
1319178	ENSG00000221978	1	rs34500387	AG	A	1|1	1|1	1|1	1|1	1|1	1|1	1|0
1351039	ENSG00000221978	1	rs141289858	G	C	0|0	0|0	0|0	0|0	0|0	0|0	0|1
1288471	ENSG00000221978	1	rs3766183	C	T	1|1	1|1	1|1	1|1	1|1	1|1	1|0
1355583	ENSG00000221978	1	rs1781133	C	A	0|0	0|0	0|0	0|0	0|0	0|0	0|0
1395012	ENSG00000221978	1	rs2649603	T	C	0|0	0|0	0|0	0|0	0|0	0|0	0|0
1367193	ENSG00000221978	1	rs2291887	G	T	1|0	0|0	1|0	0|0	0|0	0|0	0|0
1425502	ENSG00000221978	1	rs2242395	A	G	0|0	0|0	0|0	0|0	0|0	0|0	0|0
1292626	ENSG00000221978	1	rs2649607	C	T	0|0	0|0	0|0	0|0	0|0	0|0	0|0
1386016	ENSG00000221978	1	rs34301361	A	G	1|0	0|0	1|0	0|0	0|0	0|0	0|0
1394384	ENSG00000221978	1	rs1751469	T	C	0|0	0|0	0|0	0|0	0|0	0|0	0|0
1284858	ENSG00000221978	1	rs192206643	A	C	1|1	1|1	1|1	1|1	1|1	1|1	1|1
1301388	ENSG00000221978	1	rs71628956	A	G	0|1	0|0	0|0	0|0	0|0	0|0	0|0
1384295	ENSG00000221978	1	rs11485865	G	A	1|0	0|0	1|0	0|0	0|0	0|0	0|0
1391304	ENSG00000221978	1	rs1695873	T	C	1|0	0|0	0|0	0|0	0|0	0|0	0|0
1415063	ENSG00000221978	1	rs1153104	T	G	0|0	0|0	0|0	0|0	0|0	0|0	0|0
1301442	ENSG00000221978	1	rs76662808	T	C	0|1	0|0	0|0	0|0	0|0	0|0	0|0
1385573	ENSG00000221978	1	rs1240588	C	T	0|0	0|0	0|0	0|0	0|0	0|0	0|0
1430584	ENSG00000221978	1	rs904586	T	C	0|0	0|0	0|0	0|0	0|0	0|0	0|1
1303894	ENSG00000221978	1	rs35716478	C	G	0|1	0|0	0|0	0|0	0|0	0|0	0|0
1415476	ENSG00000221978	1	rs1153106	G	C	0|0	0|0	0|0	0|0	0|0	0|0	0|0
1295323	ENSG00000221978	1	rs34389364	G	A	1|1	1|1	1|1	1|1	1|1	1|1	1|0
1361555	ENSG00000221978	1	rs1695848	T	C	0|0	0|0	0|0	0|0	0|0	0|0	0|0
1387167	ENSG00000221978	1	rs1695859	A	C	1|0	0|0	1|0	0|0	0|0	0|0	0|0
1431165	ENSG00000221978	1	rs9792879	C	T	0|0	0|0	0|0	0|0	0|1	0|0	0|0
1274350	ENSG00000221978	1	rs307368	A	G	1|1	1|1	1|1	1|1	1|1	1|1	1|0
1294518	ENSG00000221978	1	rs34782209	C	T	1|1	1|1	1|1	1|1	1|1	1|1	1|0
1375185	ENSG00000221978	1	rs1240699	G	C	1|0	0|0	1|0	0|0	0|0	0|0	0|0
1389472	ENSG00000221978	1	rs1695862	A	G	1|0	0|0	1|0	0|0	0|0	0|0	0|0
1359482	ENSG00000221978	1	rs1695850	G	T	0|0	0|0	0|0	0|0	0|0	0|0	0|0
1394737	ENSG00000221978	1	rs75201061	C	A	0|0	0|0	0|0	0|0	0|0	0|0	0|0
1378102	ENSG00000221978	1	rs112270823	A	G	0|0	0|0	0|0	0|0	0|0	0|0	0|0
1312132	ENSG00000221978	1	rs2765031	T	C	1|1	1|1	1|1	1|1	1|1	1|1	1|0
1261824	ENSG00000221978	1	rs307348	G	C	1|1	1|1	1|1	1|1	1|1	1|1	1|0
1425700	ENSG00000221978	1	rs819980	T	C	0|0	0|0	0|0	0|0	0|0	0|0	0|1
1390514	ENSG00000221978	1	rs1695865	T	A	0|0	0|0	0|0	0|0	0|0	0|0	0|0
1395038	ENSG00000221978	1	rs2649602	G	A	0|0	0|0	0|0	0|0	0|0	0|0	0|0
1393302	ENSG00000221978	1	rs11488466	T	C	0|0	0|0	0|0	0|0	0|0	0|0	0|0
1260733	ENSG00000221978	1	rs307346	A	C	1|1	1|1	1|1	1|1	1|1	1|1	1|0
1305493	ENSG00000221978	1	rs2649599	A	G	1|0	1|1	1|1	1|1	1|1	1|1	1|0
1300540	ENSG00000221978	1	rs28890279	A	G	0|1	0|0	0|0	0|0	0|0	0|0	0|0
1359141	ENSG00000221978	1	rs200966758	CCAT	C	0|0	0|0	0|0	0|0	0|0	0|0	0|0
1367735	ENSG00000221978	1	rs2291885	G	A	1|0	0|0	1|0	0|0	0|0	0|0	0|0
1303102	ENSG00000221978	1	rs201555063	TTTTA	T	0|1	0|0	0|0	0|0	0|0	0|0	0|0
1362894	ENSG00000221978	1	rs61005686	C	T	0|0	0|1	0|0	1|0	0|0	0|0	0|0
1354594	ENSG00000221978	1	rs3766165	A	G	0|0	0|0	0|0	0|0	0|0	0|0	0|1
1397140	ENSG00000221978	1	rs28697106	C	A	0|0	0|0	0|0	0|0	0|0	0|0	0|0
1241800	ENSG00000221978	1	rs3737720	A	G	1|1	1|1	1|1	1|1	1|1	1|1	1|0
1286821	ENSG00000221978	1	rs61766214	G	C	1|1	1|1	1|1	1|1	1|1	1|1	1|0
1315893	ENSG00000221978	1	rs2454652	C	T	1|1	1|1	1|1	1|1	1|1	1|1	1|0
1304371	ENSG00000221978	1	rs35710126	C	T	0|1	0|0	0|0	0|0	0|0	0|0	0|0
1425296	ENSG00000221978	1	rs41285828	C	T	0|0	0|0	0|0	0|0	0|0	0|0	0|1
1276077	ENSG00000221978	1	rs3855955	G	A	0|0	1|1	1|0	0|0	0|0	0|0	1|0
1394663	ENSG00000221978	1	rs76548509	AC	A	0|0	0|0	0|0	0|0	0|0	0|0	0|0
1225641	ENSG00000221978	1	rs2748384	C	A	0|0	0|0	0|0	0|0	0|0	0|0	0|0
1371459	ENSG00000221978	1	rs1240700	A	G	1|0	0|0	1|0	0|0	0|0	0|0	0|0
1371768	ENSG00000221978	1	rs76142405	CA	C	1|0	0|0	1|0	0|0	0|0	0|0	0|0
1298834	ENSG00000221978	1	rs201602842	GAC	G	1|0	1|1	0|1	0|1	1|1	1|1	1|1
1366830	ENSG00000221978	1	rs873927	A	G	1|0	0|0	1|0	0|0	0|0	0|0	0|0
1303254	ENSG00000221978	1	rs34316807	A	T	0|1	0|0	0|0	0|0	0|0	0|0	0|0
1432485	ENSG00000221978	1	rs111691241	T	G	0|0	0|0	0|0	0|0	0|0	0|0	0|0
1304662	ENSG00000221978	1	rs34487973	G	A	0|1	0|0	0|0	0|0	0|0	0|0	0|0
1362190	ENSG00000221978	1	rs1781137	C	G	1|0	0|0	0|0	0|0	0|0	0|0	0|0
1324324	ENSG00000221978	1	rs9726836	G	A	0|1	1|1	1|1	1|1	1|1	1|1	1|0
1292426	ENSG00000221978	1	rs35694341	C	G	1|1	1|1	1|1	1|1	1|1	1|1	1|0
1338620	ENSG00000221978	1	rs35371925	CCTTT	C	0|0	0|0	0|0	0|0	0|0	0|0	0|1
1418004	ENSG00000221978	1	rs819972	T	C	0|0	0|0	0|0	0|0	0|0	0|0	0|1
1361641	ENSG00000221978	1	rs12030806	C	T	1|0	0|0	0|0	0|0	0|0	0|0	0|0
1232708	ENSG00000221978	1	rs201935257	CGT	C	0|0	0|0	0|0	0|0	0|0	0|0	0|0
1404016	ENSG00000221978	1	rs12089719	G	A	0|0	0|0	0|0	0|0	0|0	0|0	0|0
1394653	ENSG00000221978	1	rs34719940	T	C	0|0	0|0	0|0	0|0	0|0	0|0	0|0
1308387	ENSG00000221978	1	rs12408051	G	A	0|1	0|0	0|0	0|0	0|0	0|0	0|0
1273278	ENSG00000221978	1	rs307370	A	G	1|0	1|1	1|1	1|1	1|1	1|1	1|0
1298533	ENSG00000221978	1	rs4596826	T	G	1|1	1|1	1|1	1|1	1|1	1|1	1|0
1286741	ENSG00000221978	1	rs192910940	G	C	1|0	1|0	0|1	0|0	0|0	0|0	0|1
1346905	ENSG00000221978	1	rs1240719	T	A	0|0	0|0	0|0	0|0	0|0	0|0	0|1
1370067	ENSG00000221978	1	rs76731745	C	G	1|0	0|0	1|0	0|0	0|0	0|0	0|0
1249187	ENSG00000221978	1	rs12142199	G	A	1|0	1|1	1|1	1|1	1|1	1|1	1|0
1301199	ENSG00000221978	1	rs70949577	CA	C	1|1	1|1	1|1	1|1	1|1	1|1	1|1
1392413	ENSG00000221978	1	rs35334427	A	C	1|0	0|0	1|0	0|0	0|0	0|0	0|0
1380567	ENSG00000221978	1	rs1153092	T	G	1|0	0|0	1|0	0|0	0|0	0|0	0|0
1350765	ENSG00000221978	1	rs146584313	T	C	0|0	0|0	0|0	0|0	0|0	0|0	0|1
1358208	ENSG00000221978	1	rs1695857	G	T	0|0	0|0	0|0	0|0	0|0	0|0	0|0
1354515	ENSG00000221978	1	rs904589	C	G	0|0	0|0	0|0	0|0	0|0	0|0	0|1
1343666	ENSG00000221978	1	rs28418680	G	A	0|0	0|0	0|0	0|0	0|0	0|0	0|1
1254841	ENSG00000221978	1	rs10907179	C	G	1|1	1|1	1|1	1|1	1|1	1|1	1|0
1394347	ENSG00000221978	1	rs1751470	T	C	0|0	0|0	0|0	0|0	0|0	0|0	0|0
1364143	ENSG00000221978	1	rs1695826	A	G	0|0	0|0	0|0	0|0	0|0	0|0	0|0
1425412	ENSG00000221978	1	rs2649579	A	G	0|0	0|0	0|0	0|0	0|0	0|0	0|1
1397147	ENSG00000221978	1	rs28413040	A	G	0|0	0|0	0|0	0|0	0|0	0|0	0|0
1385211	ENSG00000221978	1	rs1312568	A	G	1|0	0|0	1|0	0|0	0|0	0|0	0|0
1297065	ENSG00000221978	1	rs2765023	C	T	0|1	0|0	0|0	0|0	0|0	0|0	0|0
1375810	ENSG00000221978	1	rs4590	C	G	1|0	0|0	1|0	0|0	0|0	0|0	0|0
1302061	ENSG00000221978	1	rs75681267	T	TGA	0|1	0|0	0|0	0|0	0|0	0|0	0|0
1390875	ENSG00000221978	1	rs1781147	C	T	1|0	0|0	1|0	0|0	0|0	0|0	0|0
1358748	ENSG00000221978	1	rs1695853	G	A	0|0	0|0	0|0	0|0	0|0	0|0	0|0
1346703	ENSG00000221978	1	rs1240718	A	C	1|0	0|0	0|0	0|0	0|0	0|0	0|1
1333436	ENSG00000221978	1	rs1240743	C	A	1|1	0|0	0|0	1|1	1|1	1|1	0|1
1298537	ENSG00000221978	1	rs2477784	C	T	1|1	1|1	1|1	1|1	1|1	1|1	1|0
1346257	ENSG00000221978	1	rs1240717	A	G	0|0	0|0	0|0	0|0	0|0	0|0	0|1
1227664	ENSG00000221978	1	rs3831920	TTGAG	T	0|0	0|0	0|0	0|0	0|0	0|0	0|0
1243929	ENSG00000221978	1	rs190454859	G	T	1|0	0|1	1|0	1|1	1|1	1|1	1|1
1299662	ENSG00000221978	1	rs34639471	T	G	0|1	0|0	0|0	0|0	0|0	0|0	0|0
1360199	ENSG00000221978	1	rs112333621	C	T	0|0	0|0	0|0	0|0	0|0	0|0	0|0
1300894	ENSG00000221978	1	rs2985899	C	A	1|1	1|1	1|1	1|1	0|1	1|1	1|1
1356550	ENSG00000221978	1	rs12089560	A	G	0|0	0|0	0|0	0|0	0|0	0|0	0|1
1323965	ENSG00000221978	1	rs146981251	A	C	0|0	0|0	0|0	0|0	0|0	1|0	0|1
1235710	ENSG00000221978	1	rs640712	T	A	0|0	0|0	0|0	0|0	0|0	0|0	0|1
1392271	ENSG00000221978	1	rs1695871	T	C	1|0	0|0	1|0	1|0	0|0	0|0	0|0
1280014	ENSG00000221978	1	rs307359	A	G	1|1	1|1	1|1	1|1	1|1	1|1	1|0
1230419	ENSG00000221978	1	rs1272959	T	C	0|0	0|0	0|0	0|0	0|0	0|0	0|1
1421734	ENSG00000221978	1	rs77085485	G	C	0|0	0|0	0|0	0|0	0|0	0|0	0|0
1259569	ENSG00000221978	1	rs180761268	A	G	1|0	0|1	1|1	1|1	1|1	1|1	0|0
1300101	ENSG00000221978	1	rs35642451	C	T	0|1	0|0	0|0	0|0	0|0	0|0	0|0
1389250	ENSG00000221978	1	rs4970374	A	C	1|0	0|0	1|0	0|0	0|0	0|0	0|0
1302981	ENSG00000221978	1	rs201629307	TGTTGAGTGA	T	0|0	0|0	0|0	0|0	0|0	0|0	0|0
1310181	ENSG00000221978	1	rs112533928	A	G	0|0	0|0	0|0	0|0	0|0	0|0	0|1
1305121	ENSG00000221978	1	rs34828044	C	T	0|1	0|0	0|0	0|0	0|0	0|0	0|0
1304143	ENSG00000221978	1	rs36066545	G	A	0|1	0|0	0|0	0|0	0|0	0|0	0|0
1320933	ENSG00000221978	1	rs9661288	G	A	1|1	1|1	1|1	1|1	1|0	1|1	1|0
1301944	ENSG00000221978	1	rs200690143	GT	G	1|0	1|0	1|1	1|1	1|1	1|1	1|0
1254443	ENSG00000221978	1	rs1886772	G	A	1|1	1|1	1|1	1|1	1|1	1|1	1|0
1430707	ENSG00000221978	1	rs819984	C	T	0|0	0|0	0|0	0|0	0|0	0|0	0|0
1254136	ENSG00000221978	1	rs4970432	G	A	1|1	1|1	1|1	1|1	1|1	1|1	1|0
1304936	ENSG00000221978	1	rs4498744	C	G	0|1	0|0	0|0	0|0	0|0	0|0	0|0
1296543	ENSG00000221978	1	rs113960113	AACAC	A	0|0	0|0	0|0	0|0	0|0	0|0	0|0
1362882	ENSG00000221978	1	rs60301223	A	T	0|1	0|1	0|0	1|1	0|0	0|0	0|0
1297850	ENSG00000221978	1	rs2765020	A	T	1|1	1|0	0|1	1|1	1|1	0|1	1|0
1392209	ENSG00000221978	1	rs2936660	G	C	1|0	0|0	1|0	0|0	0|0	0|0	0|0
1297422	ENSG00000221978	1	rs2765021	C	T	1|1	1|1	1|1	1|1	1|1	1|1	1|0
1316648	ENSG00000221978	1	rs2765030	C	T	1|1	1|1	1|1	1|1	1|1	1|1	1|0
1417339	ENSG00000221978	1	rs705580	C	T	0|0	0|0	0|0	0|0	0|0	0|0	0|1
1276410	ENSG00000221978	1	rs3855956	C	A	0|1	1|1	1|1	1|1	1|1	1|1	1|0
1349278	ENSG00000221978	1	rs34872099	T	C	0|0	0|0	0|0	0|0	0|0	0|0	0|1
1299129	ENSG00000221978	1	rs2313197	C	T	1|1	1|1	1|1	1|1	1|1	1|1	1|1
1335790	ENSG00000221978	1	rs1240708	A	G	1|0	0|0	0|0	0|0	0|0	0|0	0|1
1297059	ENSG00000221978	1	rs35056373	G	A	1|0	1|1	1|1	1|1	1|1	1|1	1|1
1305561	ENSG00000221978	1	rs17160669	C	T	0|1	0|0	0|0	0|0	0|0	0|0	0|0
1294287	ENSG00000221978	1	rs12731385	C	A	1|1	1|1	1|1	1|1	1|1	1|1	1|0
1417696	ENSG00000221978	1	rs819970	C	G	1|1	0|0	0|0	1|1	0|0	1|1	0|1
1311542	ENSG00000221978	1	rs9730511	G	C	1|0	1|1	1|1	1|1	1|1	1|1	1|0
1226221	ENSG00000221978	1	rs2273275	A	G	0|1	0|0	0|0	0|0	0|0	0|0	0|0
1421531	ENSG00000221978	1	rs819976	C	A	0|0	0|0	0|0	0|0	0|0	0|0	0|1
1223385	ENSG00000221978	1	rs75809000	G	C	0|0	0|0	0|0	0|0	0|0	0|0	0|0
1310975	ENSG00000221978	1	rs2649594	C	T	1|1	1|1	1|1	1|1	1|1	1|1	1|0
1297213	ENSG00000221978	1	rs2649610	G	C	1|1	1|1	1|1	1|1	1|1	1|1	1|0
1257593	ENSG00000221978	1	rs1810745	A	G	1|1	1|1	1|1	1|1	1|1	1|1	1|0
1233941	ENSG00000221978	1	rs1739855	T	C	0|0	0|0	0|0	0|0	0|0	0|0	0|1
1262966	ENSG00000221978	1	rs307349	C	T	1|1	1|1	1|1	1|1	1|1	1|1	1|0
1263144	ENSG00000221978	1	rs307350	G	A	1|1	1|1	1|1	1|1	1|1	1|1	1|0
1338280	ENSG00000221978	1	rs112491004	A	G	0|0	0|0	0|0	0|0	0|0	0|0	0|1
1360107	ENSG00000221978	1	rs2801381	C	A	1|0	0|0	0|0	0|0	0|0	0|0	0|0
1293764	ENSG00000221978	1	rs34841888	G	C	1|0	1|1	1|1	1|1	1|1	1|1	1|0
1241529	ENSG00000221978	1	rs1536168	A	G	1|1	1|1	1|1	1|1	1|1	1|1	1|1
1395042	ENSG00000221978	1	rs150487455	C	T	0|0	0|0	0|0	0|0	0|0	0|0	0|0
1404809	ENSG00000221978	1	rs1240732	A	G	0|0	0|0	0|0	0|0	0|0	0|0	0|0
1241964	ENSG00000221978	1	rs3737718	G	A	0|0	0|0	0|0	0|0	0|0	0|0	0|0
1362848	ENSG00000221978	1	rs12116538	A	T	0|0	0|1	0|0	0|1	1|0	0|0	1|0
1368754	ENSG00000221978	1	rs1240701	T	C	1|0	0|0	1|0	0|0	0|0	0|0	0|0
1403634	ENSG00000221978	1	rs75395365	T	A	0|0	0|0	0|0	0|0	0|0	0|0	0|0
1311378	ENSG00000221978	1	rs2477776	T	A	1|1	1|1	1|1	1|1	1|1	1|1	1|0
1357461	ENSG00000221978	1	rs1781134	C	T	0|0	0|0	0|0	0|0	0|0	0|0	0|1
1390228	ENSG00000221978	1	rs1623400	T	C	1|0	0|0	1|0	0|0	0|0	0|0	0|0
1392451	ENSG00000221978	1	rs1781149	C	T	1|0	0|0	1|0	0|0	0|0	0|0	0|0
1323078	ENSG00000221978	1	rs12729599	A	G	0|1	1|1	1|1	1|1	1|1	1|1	1|0
1358858	ENSG00000221978	1	rs1695852	C	T	0|0	0|0	0|0	0|0	0|0	0|0	0|0
1397001	ENSG00000221978	1	rs28722863	T	G	0|0	0|0	0|0	0|0	0|0	0|0	0|0
1433121	ENSG00000221978	1	rs75035967	CTG	C	0|0	0|0	0|0	0|0	0|0	0|0	0|0
1304392	ENSG00000221978	1	rs34561833	C	CG	0|1	0|0	0|0	0|0	0|0	0|0	0|0
1388268	ENSG00000221978	1	rs1627833	C	A	1|0	0|0	1|0	0|0	0|0	0|0	0|0
1273116	ENSG00000221978	1	rs307371	A	G	1|1	1|1	1|1	1|1	1|1	1|1	1|0
1258246	ENSG00000221978	1	rs3845293	A	C	1|1	1|1	1|1	1|1	1|1	1|1	1|0
1340696	ENSG00000221978	1	rs4970446	T	C	0|0	0|0	0|0	0|0	0|0	0|0	0|1
1387891	ENSG00000221978	1	rs1624483	A	G	1|0	0|0	1|0	0|0	0|0	0|0	0|0
1225612	ENSG00000221978	1	rs1570866	G	A	0|0	0|0	0|0	0|0	0|1	1|0	0|0
1243896	ENSG00000221978	1	rs61766198	C	T	1|0	1|1	1|1	1|1	1|1	1|1	1|0
1223698	ENSG00000221978	1	rs140774809	C	T	0|1	0|0	0|0	1|0	0|0	0|0	0|0
1308289	ENSG00000221978	1	rs12408046	G	A	0|1	0|0	0|0	0|0	0|0	0|0	0|0
1299068	ENSG00000221978	1	rs35742679	C	T	0|1	0|0	0|0	0|0	0|0	0|0	0|0
1242983	ENSG00000221978	1	rs2887285	G	A	1|1	1|1	1|1	1|1	1|1	1|1	1|0
1337837	ENSG00000221978	1	rs1240709	A	G	1|0	0|0	0|0	0|0	0|0	0|0	0|1
1413230	ENSG00000221978	1	rs79272519	C	G	0|0	0|0	0|0	0|0	0|0	0|0	0|0
1405414	ENSG00000221978	1	rs1240733	T	C	0|0	0|0	0|0	0|0	0|0	0|0	0|0
1286897	ENSG00000221978	1	rs34380086	G	C	1|1	1|1	1|1	1|1	1|1	1|1	1|0
1275264	ENSG00000221978	1	rs12037363	A	G	0|1	0|0	0|0	0|0	0|1	0|1	0|0
1299260	ENSG00000221978	1	rs36087904	A	G	0|1	0|0	0|0	0|0	0|0	0|0	0|0
1362460	ENSG00000221978	1	rs144899239	C	T	0|0	0|0	0|0	0|0	0|0	0|0	0|0
1407043	ENSG00000221978	1	rs1240735	A	C	0|0	0|0	0|0	0|0	0|0	0|0	0|0
1265154	ENSG00000221978	1	rs307355	T	C	1|1	1|1	1|1	1|1	0|1	1|1	1|0
1303345	ENSG00000221978	1	rs75064234	A	G	0|1	0|0	0|0	0|0	0|0	0|0	0|0
1419278	ENSG00000221978	1	rs819975	G	A	0|0	0|0	0|0	0|0	0|0	0|0	0|1
1316170	ENSG00000221978	1	rs2649587	G	A	1|1	1|1	1|1	1|1	1|1	1|1	1|0
1254436	ENSG00000221978	1	rs1886773	A	G	1|1	1|1	1|1	1|1	1|1	1|1	1|1
1376214	ENSG00000221978	1	rs1240698	C	G	1|0	0|0	1|0	0|0	0|0	0|0	0|0
1301525	ENSG00000221978	1	rs201440847	TGTGAA	T	0|1	0|0	0|0	0|0	0|0	0|0	0|0
1302106	ENSG00000221978	1	rs72896260	T	G	0|1	0|0	0|0	0|0	0|0	0|0	0|0
1350391	ENSG00000221978	1	rs112401380	A	G	0|0	0|0	0|0	0|0	0|0	0|0	0|1
1330726	ENSG00000221978	1	rs1240746	A	G	1|0	0|0	0|0	0|0	0|0	0|0	0|1
1315044	ENSG00000221978	1	rs2368566	G	A	1|1	1|1	1|1	1|1	1|1	1|1	1|0
1311533	ENSG00000221978	1	rs2649590	G	C	1|1	1|1	1|1	1|1	1|1	1|1	1|0
1286786	ENSG00000221978	1	rs113488343	A	T	0|0	0|0	0|0	0|0	0|0	0|0	0|0
1316674	ENSG00000221978	1	rs2649585	C	T	1|1	1|1	1|1	1|1	1|1	1|1	1|0
1311472	ENSG00000221978	1	rs2649591	G	A	1|1	1|1	1|0	1|1	1|1	1|1	1|0
1325207	ENSG00000221978	1	rs1240748	C	T	0|1	1|1	1|1	1|1	1|1	1|1	1|0
1255403	ENSG00000221978	1	rs5772041	TG	T	1|1	1|1	1|1	1|1	1|1	1|1	1|0
1390997	ENSG00000221978	1	rs1781148	T	G	1|0	0|0	1|0	0|0	0|0	0|0	0|0
1305912	ENSG00000221978	1	rs35566806	C	T	0|1	0|0	0|0	0|0	0|0	0|0	0|0
1362834	ENSG00000221978	1	rs112393080	C	G	0|0	0|0	0|0	0|1	1|0	0|0	0|0
1295682	ENSG00000221978	1	rs35705386	A	G	1|1	1|1	1|1	1|1	1|1	1|1	1|0
1225959	ENSG00000221978	1	rs1570867	C	G	0|0	0|0	0|0	0|0	0|0	0|0	0|1
1366394	ENSG00000221978	1	rs2004444	G	A	1|0	0|0	1|0	0|0	0|0	0|0	0|0
1366288	ENSG00000221978	1	rs1695823	A	G	1|0	0|0	1|0	0|0	0|0	0|0	0|0
1366917	ENSG00000221978	1	rs873926	G	C	1|0	0|0	1|0	0|0	0|0	0|0	0|0
1298982	ENSG00000221978	1	rs112431693	T	C	0|1	0|0	0|0	0|0	0|0	0|0	0|0
1330430	ENSG00000221978	1	rs113548627	G	A	0|0	0|0	0|0	0|0	0|0	0|0	0|1
1314707	ENSG00000221978	1	rs2260423	A	G	1|1	1|1	1|1	1|1	1|1	1|1	1|1
1408469	ENSG00000221978	1	rs1240737	T	C	0|0	0|0	0|0	0|0	0|0	0|0	0|1
1303050	ENSG00000221978	1	rs199765271	GGTGA	G	0|1	0|0	0|0	0|0	0|0	0|0	0|0
1260168	ENSG00000221978	1	rs61766199	C	A	1|1	1|1	1|1	1|1	1|1	1|1	1|0
1311078	ENSG00000221978	1	rs2649592	G	T	1|1	1|1	1|1	1|1	1|1	1|1	1|0
1386408	ENSG00000221978	1	rs34568062	T	A	1|0	0|0	1|0	0|0	0|0	0|0	0|0
1233045	ENSG00000221978	1	rs183831509	G	A	0|0	0|0	0|0	0|0	0|0	0|0	0|0
1275291	ENSG00000221978	1	rs11582808	G	A	1|0	1|0	0|0	1|0	1|0	1|0	1|0
1396574	ENSG00000221978	1	rs201768958	T	TTC	0|0	0|0	0|0	0|0	0|0	0|0	0|0
1335302	ENSG00000221978	1	rs1240707	C	T	0|0	0|0	0|0	0|0	0|0	0|0	0|1
1265505	ENSG00000221978	1	rs35946613	G	A	1|0	1|1	1|1	1|1	1|1	1|1	1|0
1351356	ENSG00000221978	1	rs112581014	G	A	0|0	0|0	0|0	0|0	0|0	0|0	0|1
1300074	ENSG00000221978	1	rs35955667	T	C	0|1	0|0	0|0	0|0	0|0	0|0	0|0
1262591	ENSG00000221978	1	rs2296472	C	T	1|1	1|1	1|1	1|1	1|1	1|1	1|0
1362151	ENSG00000221978	1	rs11800029	G	C	0|0	0|0	0|0	0|0	0|0	0|0	0|0
1232995	ENSG00000221978	1	rs11260583	A	C	0|0	0|0	0|0	0|0	0|0	0|0	0|1
1373335	ENSG00000221978	1	rs3843248	C	G	1|0	0|0	1|0	0|0	0|0	1|0	0|1
13147141	ENSG00000272455	1	rs2260424	A	G	1|1	1|1	1|1	1|1	1|1	1|1	1|0
13612021	ENSG00000272455	1	rs145035575	C	G	0|0	0|0	0|0	0|0	0|0	0|0	0|0
13032991	ENSG00000272455	1	rs35125219	C	T	0|1	0|0	0|0	0|0	0|0	0|0	0|0
14254071	ENSG00000272455	1	rs2649578	A	G	0|0	0|0	0|0	0|0	0|0	0|0	0|1
13201291	ENSG00000272455	1	rs9727393	C	G	1|0	1|1	1|1	1|1	1|1	1|1	1|0
13128111	ENSG00000272455	1	rs34582295	C	T	1|0	1|1	0|1	1|1	1|1	1|1	1|0
12595611	ENSG00000272455	1	rs189752537	A	G	1|0	0|1	1|1	1|1	1|1	1|1	0|0
13058101	ENSG00000272455	1	rs35194784	T	C	0|1	0|0	0|0	0|0	0|0	0|0	0|0
13670361	ENSG00000272455	1	rs2291888	G	A	1|0	0|0	1|0	0|0	0|0	0|0	0|0
13440671	ENSG00000272455	1	rs1240712	T	C	0|0	0|0	0|0	0|0	0|0	0|0	0|1
13605151	ENSG00000272455	1	rs112030392	T	C	0|0	0|0	0|0	0|0	0|0	0|0	0|0
13052011	ENSG00000272455	1	rs34372380	C	T	0|1	0|0	0|0	0|0	0|0	0|0	0|0
12888231	ENSG00000272455	1	rs2296471	A	G	1|1	1|1	1|1	1|1	1|1	1|1	1|0
12767421	ENSG00000272455	1	rs200805477	GAC	G	0|0	0|0	0|0	0|0	0|0	0|0	0|1
12474941	ENSG00000272455	1	rs12103	T	C	1|0	1|1	1|1	1|1	1|1	1|1	1|0
14294851	ENSG00000272455	1	rs79607068	G	A	0|0	0|0	0|0	0|0	0|0	0|0	0|0
13034271	ENSG00000272455	1	rs34703950	ACT	A	1|1	1|1	1|1	1|1	1|1	1|1	1|0
13135841	ENSG00000272455	1	rs11489820	G	C	1|0	1|1	1|1	1|1	1|1	1|1	1|0
13035571	ENSG00000272455	1	rs79471774	G	C	0|1	0|0	0|0	0|0	0|0	0|0	0|0
12867541	ENSG00000272455	1	rs184571809	C	T	0|0	0|0	0|0	1|0	0|0	0|0	0|0
13521271	ENSG00000272455	1	rs142171871	CT	C	0|0	0|0	0|1	0|0	0|0	0|0	0|1
13009461	ENSG00000272455	1	rs2936661	G	A	1|0	1|1	1|1	1|1	1|0	1|1	1|1
13048561	ENSG00000272455	1	rs34974211	CTT	C	0|1	0|0	0|0	0|0	0|0	0|0	0|0
13473091	ENSG00000272455	1	rs1240720	G	C	0|0	0|0	0|0	0|0	0|0	0|0	0|1
13005781	ENSG00000272455	1	rs28503348	C	T	0|1	0|0	0|0	0|0	0|0	0|0	0|0
12523091	ENSG00000272455	1	rs35031478	A	T	0|1	0|0	0|0	0|0	0|0	0|0	0|0
13879201	ENSG00000272455	1	rs1625156	G	A	1|0	0|0	1|0	0|0	0|0	0|0	0|0
13959831	ENSG00000272455	1	rs2801372	T	C	1|1	1|1	1|1	1|1	0|1	1|1	1|1
14034741	ENSG00000272455	1	rs1240727	G	C	0|0	0|0	0|0	0|0	0|0	0|0	0|0
13050071	ENSG00000272455	1	rs34561762	T	C	0|1	0|0	0|0	0|0	0|0	0|0	0|0
12999461	ENSG00000272455	1	rs34522599	T	C	0|1	0|0	0|0	0|0	0|0	0|0	0|0
13036771	ENSG00000272455	1	rs34567656	C	T	0|1	0|0	0|0	0|0	0|0	0|0	0|0
14206621	ENSG00000272455	1	rs3736372	A	G	0|0	0|0	0|0	0|0	0|0	0|0	0|0
12595131	ENSG00000272455	1	rs181195134	G	A	0|0	0|1	0|0	0|0	1|0	1|0	0|1
12764591	ENSG00000272455	1	rs307365	C	A	1|1	1|1	1|1	1|1	1|1	1|1	1|0
13748341	ENSG00000272455	1	rs1892289	A	G	0|0	0|0	1|0	0|0	0|0	0|0	0|0
13843891	ENSG00000272455	1	rs11485866	A	T	1|0	0|0	1|0	0|0	0|0	0|0	0|0
14282301	ENSG00000272455	1	rs819982	G	A	0|0	0|0	0|0	0|0	0|0	0|0	0|1
12867941	ENSG00000272455	1	rs35104845	C	T	0|1	1|1	1|1	1|1	1|1	1|1	1|1
13628921	ENSG00000272455	1	rs57545771	T	C	0|0	0|1	0|0	1|1	1|0	0|1	0|0
13166701	ENSG00000272455	1	rs2765029	C	G	1|1	1|1	1|1	1|1	1|1	1|1	1|0
12954031	ENSG00000272455	1	rs34876581	T	C	1|1	1|1	1|1	1|1	1|1	1|1	1|0
12871271	ENSG00000272455	1	rs307380	G	A	1|1	1|1	1|1	1|1	1|1	1|1	1|0
14073721	ENSG00000272455	1	rs188574574	T	C	0|0	0|0	0|0	0|0	0|0	0|0	0|1
14279991	ENSG00000272455	1	rs59289285	A	AC	0|0	0|0	0|0	0|0	0|0	0|0	0|1
13047001	ENSG00000272455	1	rs150231511	GT	G	0|1	0|0	0|0	0|0	0|0	0|0	0|0
13106681	ENSG00000272455	1	rs2242398	A	C	1|1	1|1	1|1	1|1	1|1	1|1	1|0
12867011	ENSG00000272455	1	rs35915703	G	C	0|1	0|0	0|0	0|0	0|0	0|0	0|0
14240321	ENSG00000272455	1	rs819978	A	G	0|0	0|0	0|0	0|0	0|0	0|0	0|1
12681591	ENSG00000272455	1	rs3813210	C	T	0|0	0|0	0|0	0|0	0|0	0|0	0|1
13594581	ENSG00000272455	1	rs1695851	G	A	0|0	0|0	0|0	0|0	0|0	0|0	0|0
13033501	ENSG00000272455	1	rs77752170	T	G	0|1	0|0	0|0	0|0	0|0	0|0	0|0
13611301	ENSG00000272455	1	rs138985554	T	C	0|0	0|0	0|0	0|0	0|0	0|0	0|0
13947711	ENSG00000272455	1	rs78193071	A	G	0|0	0|0	0|0	0|0	0|0	0|0	0|0
12699861	ENSG00000272455	1	rs35424002	G	A	0|0	0|0	0|0	0|0	0|0	0|0	0|1
13873481	ENSG00000272455	1	rs1781143	C	T	1|0	0|0	1|0	0|0	0|0	0|0	0|0
13059641	ENSG00000272455	1	rs34457386	G	C	0|1	0|0	0|0	0|0	0|0	0|0	0|0
13110221	ENSG00000272455	1	rs2649593	C	T	0|1	0|0	0|0	0|0	0|0	0|0	0|0
14039721	ENSG00000272455	1	.	C	CG	0|0	0|0	0|0	0|0	0|0	0|0	0|0
12927491	ENSG00000272455	1	rs35993679	C	T	1|1	1|1	1|1	1|1	1|1	1|1	1|0
13643491	ENSG00000272455	1	rs1695825	T	C	1|0	0|0	1|0	0|0	0|0	0|0	0|0
12988361	ENSG00000272455	1	rs200177476	CAG	C	1|0	1|1	0|1	0|1	1|1	1|1	1|1
12759561	ENSG00000272455	1	rs111883533	C	T	0|0	0|0	0|0	0|0	0|0	0|0	0|1
13890831	ENSG00000272455	1	rs1695861	A	G	1|0	0|0	1|0	0|0	0|0	0|0	0|0
13655701	ENSG00000272455	1	rs1695824	A	C	1|0	0|0	1|0	0|0	0|0	0|0	0|0
13117161	ENSG00000272455	1	rs2649589	G	A	1|1	1|1	1|1	1|1	1|1	1|1	1|0
13043891	ENSG00000272455	1	rs35459109	T	C	0|1	0|0	0|0	0|0	0|0	0|0	0|0
13907171	ENSG00000272455	1	rs1695866	A	G	1|0	0|0	1|0	0|0	0|0	0|0	0|0
12633621	ENSG00000272455	1	rs4970433	G	A	1|1	1|1	1|1	1|1	1|1	1|1	1|0
13804351	ENSG00000272455	1	rs146236747	G	A	0|0	0|0	0|0	0|0	0|0	0|0	0|0
13047871	ENSG00000272455	1	rs35435148	G	A	0|1	0|0	0|0	0|0	0|0	0|0	0|0
13142451	ENSG00000272455	1	rs2454653	C	T	1|1	1|1	1|1	1|1	1|1	1|1	1|0
13587231	ENSG00000272455	1	rs1695854	G	T	0|0	0|0	0|0	0|0	0|0	0|0	0|0
13889321	ENSG00000272455	1	rs1695860	G	A	1|0	0|0	1|0	0|0	0|0	0|0	0|0
12879221	ENSG00000272455	1	rs3766185	G	A	1|1	1|1	1|1	1|1	1|1	1|1	1|0
13459701	ENSG00000272455	1	rs28756423	A	G	0|0	0|0	0|0	0|0	0|0	0|0	0|1
12764781	ENSG00000272455	1	rs307364	T	G	1|1	0|1	1|1	1|1	1|1	1|1	1|0
13196361	ENSG00000272455	1	rs2477779	T	G	1|0	1|1	0|1	1|1	1|0	1|1	1|1
12978481	ENSG00000272455	1	rs111301087	TA	T	1|1	1|1	1|1	1|0	1|1	1|1	1|0
13511461	ENSG00000272455	1	rs182181716	G	A	0|0	0|0	0|0	0|0	0|0	0|0	0|0
13882051	ENSG00000272455	1	rs201870532	AAAG	A	1|0	0|0	1|0	0|0	0|0	0|0	0|0
13083861	ENSG00000272455	1	rs74984084	G	A	0|1	0|0	0|0	0|0	0|0	0|0	0|0
13765671	ENSG00000272455	1	rs1240697	A	G	1|0	0|0	1|0	0|0	0|0	0|0	0|0
12993661	ENSG00000272455	1	rs28368296	C	T	1|0	1|1	1|1	1|1	1|1	1|1	1|1
13057001	ENSG00000272455	1	rs113429154	A	G	0|1	0|0	0|0	0|0	0|0	0|0	0|0
12654601	ENSG00000272455	1	rs35744813	T	C	1|1	1|1	1|1	1|1	1|1	1|1	1|0
13140151	ENSG00000272455	1	rs2649588	C	T	1|1	1|1	1|1	1|1	1|1	1|1	1|0
13785131	ENSG00000272455	1	rs1240696	T	C	1|1	1|1	0|1	1|1	1|1	1|1	1|1
13459961	ENSG00000272455	1	rs1240716	G	T	0|0	0|0	0|0	0|0	0|0	0|0	0|1
13450031	ENSG00000272455	1	rs1240713	T	C	0|0	0|0	0|0	0|0	0|0	0|0	0|1
13877641	ENSG00000272455	1	rs9793256	G	A	1|0	0|0	1|0	0|0	0|0	0|0	0|0
13734821	ENSG00000272455	1	rs3845296	G	C	1|0	0|0	1|0	0|0	0|0	0|0	0|0
14150991	ENSG00000272455	1	rs1153105	T	C	0|0	0|0	1|0	0|0	0|0	0|0	0|0
12972161	ENSG00000272455	1	rs2649611	A	G	1|1	1|1	1|1	1|1	1|1	1|1	1|1
13212991	ENSG00000272455	1	rs70949585	A	AG	0|1	1|1	1|1	1|1	1|1	1|1	1|0
12992781	ENSG00000272455	1	rs28821228	C	T	1|0	1|1	1|1	1|1	1|1	1|1	1|1
12899111	ENSG00000272455	1	rs4970365	G	A	1|1	1|1	1|1	1|1	1|1	1|1	1|0
13733731	ENSG00000272455	1	rs3843249	G	A	1|0	0|0	1|0	0|0	0|0	0|0	0|0
13050661	ENSG00000272455	1	rs34883051	T	C	0|1	0|0	0|0	0|0	0|0	0|0	0|0
14305851	ENSG00000272455	1	rs4012770	G	A	0|0	0|0	0|0	0|0	0|0	0|0	0|0
13033741	ENSG00000272455	1	rs35045511	C	A	0|1	0|0	0|0	0|0	0|0	0|0	0|0
13524261	ENSG00000272455	1	rs111772342	C	T	0|0	0|0	0|0	0|0	0|0	0|0	0|0
13426121	ENSG00000272455	1	rs2275915	G	C	1|0	0|0	0|0	0|1	0|0	0|1	0|0
13781731	ENSG00000272455	1	rs711180	G	A	1|0	0|0	1|0	0|0	0|0	0|0	0|0
12996331	ENSG00000272455	1	rs34734423	C	G	0|1	0|0	0|0	0|0	0|0	0|0	0|0
13335981	ENSG00000272455	1	rs35242196	C	A	1|0	0|0	0|0	0|0	0|0	0|0	0|0
13877261	ENSG00000272455	1	rs9793066	A	G	1|0	0|0	1|0	0|0	0|0	0|0	0|0
13929951	ENSG00000272455	1	rs2649604	C	A	1|0	0|0	0|0	0|1	0|0	0|0	0|1
13298031	ENSG00000272455	1	rs1240747	A	G	1|0	0|0	0|0	0|0	0|0	0|0	0|1
14219911	ENSG00000272455	1	rs860213	G	A	0|0	0|0	0|0	0|0	0|0	0|0	0|1
13628831	ENSG00000272455	1	rs58304223	G	C	0|0	0|1	0|0	1|1	1|1	0|0	0|0
13788371	ENSG00000272455	1	rs1240695	T	C	1|0	0|0	1|0	0|0	0|0	0|0	0|0
13446861	ENSG00000272455	1	rs112301494	A	G	0|0	0|0	0|0	0|0	0|0	0|0	0|1
13616331	ENSG00000272455	1	rs12022947	G	A	1|0	0|0	0|0	0|0	0|0	0|0	0|0
13596001	ENSG00000272455	1	rs1781136	A	G	0|0	0|0	0|0	0|0	0|0	0|0	0|0
13028911	ENSG00000272455	1	rs78921940	ATGAG	A	0|1	0|0	0|0	0|0	0|0	0|0	0|0
14329851	ENSG00000272455	1	rs819986	G	C	0|0	0|0	1|0	0|0	0|0	0|0	0|0
13100741	ENSG00000272455	1	rs2765035	C	G	1|1	1|1	1|1	1|1	1|1	1|1	1|1
14042361	ENSG00000272455	1	rs1240730	C	T	0|0	0|0	0|0	0|0	0|0	0|0	0|0
12595511	ENSG00000272455	1	rs185282386	A	G	1|0	1|1	1|1	1|1	1|0	1|1	0|0
13231431	ENSG00000272455	1	rs141100746	CCT	C	0|1	1|1	1|1	1|1	1|1	1|1	1|0
12453681	ENSG00000272455	1	rs11590283	G	A	1|0	1|1	1|1	1|1	1|1	1|1	1|0
12645391	ENSG00000272455	1	rs307354	G	C	1|1	1|1	1|1	1|1	1|1	1|1	1|0
14065241	ENSG00000272455	1	rs1240734	G	C	0|0	0|0	0|0	0|0	0|0	0|0	0|0
12813451	ENSG00000272455	1	rs307357	C	T	1|1	1|1	1|1	1|1	1|1	1|1	1|0
13056971	ENSG00000272455	1	rs111421264	G	C	0|1	0|0	0|0	0|0	0|0	0|0	0|0
13584421	ENSG00000272455	1	rs1695855	C	T	0|0	0|0	0|0	0|0	0|0	0|0	0|0
13825011	ENSG00000272455	1	rs200811494	T	TTC	1|0	0|0	1|0	0|0	0|0	0|0	0|0
12984111	ENSG00000272455	1	rs4970439	C	T	1|1	1|1	1|1	1|1	1|1	1|1	1|0
13098851	ENSG00000272455	1	rs35745967	A	G	0|1	0|0	0|0	0|0	0|0	0|0	0|0
13478681	ENSG00000272455	1	rs113466973	C	CAG	0|0	0|0	0|0	0|0	0|0	0|0	0|1
12769301	ENSG00000272455	1	rs75244934	GCA	G	0|1	0|0	0|0	0|0	0|0	0|0	0|0
12566081	ENSG00000272455	1	rs76947392	G	A	1|0	0|0	0|0	0|0	1|1	1|0	0|0
13882891	ENSG00000272455	1	rs1781145	A	C	1|0	0|0	1|0	0|0	0|0	0|0	0|0
14306161	ENSG00000272455	1	rs3851852	T	C	0|0	0|0	0|0	0|0	0|0	0|0	0|0
13613161	ENSG00000272455	1	rs74047250	G	A	0|0	0|0	0|0	0|0	0|0	0|0	0|0
13141721	ENSG00000272455	1	rs2477777	C	T	1|1	1|1	1|1	1|1	1|1	1|1	1|0
12893661	ENSG00000272455	1	.	ACT	A	1|1	1|1	1|1	1|1	0|1	1|1	1|0
12885831	ENSG00000272455	1	rs3845295	C	G	1|1	1|1	1|1	1|1	1|1	1|1	1|0
1436125	ENSG00000272455	1	rs9439435	A	C	0|0	0|0	0|0	0|0	0|0	0|0	0|0
13076381	ENSG00000272455	1	rs2649597	T	C	1|1	1|1	1|1	1|1	1|1	1|1	1|1
13965751	ENSG00000272455	1	rs74783851	T	TC	0|0	0|0	0|0	0|0	0|0	0|0	0|0
14048491	ENSG00000272455	1	rs74572329	G	C	0|0	0|0	0|0	0|0	0|0	0|0	0|0
14147141	ENSG00000272455	1	rs1153102	A	G	0|0	0|0	0|0	0|0	0|0	0|0	0|0
12673251	ENSG00000272455	1	rs200330269	G	GC	0|0	0|0	0|0	0|0	0|0	0|0	0|1
13806201	ENSG00000272455	1	rs1153094	A	G	1|0	0|0	1|0	0|0	0|0	0|0	0|0
13050961	ENSG00000272455	1	rs34953014	G	C	0|1	0|0	0|0	0|0	0|0	0|0	0|0
13957501	ENSG00000272455	1	rs78757391	T	C	0|0	0|0	0|0	0|0	0|0	0|0	0|0
14207041	ENSG00000272455	1	rs4970453	C	T	0|0	0|0	0|0	0|0	0|0	0|1	0|0
14044681	ENSG00000272455	1	rs1240731	T	C	0|0	0|0	1|0	0|0	0|0	0|0	0|0
13207641	ENSG00000272455	1	rs4970444	G	A	1|1	1|1	1|1	1|1	1|1	1|1	1|0
13893411	ENSG00000272455	1	rs74314585	C	T	1|0	0|0	1|0	0|0	0|0	0|0	0|0
14232671	ENSG00000272455	1	rs819977	A	G	0|0	0|0	0|0	0|0	0|0	0|0	0|1
14007421	ENSG00000272455	1	rs1240723	T	C	1|1	1|1	1|1	1|1	0|1	1|1	1|1
14329861	ENSG00000272455	1	rs4970454	C	G	0|0	0|0	0|0	0|0	0|0	0|0	0|0
13603931	ENSG00000272455	1	rs2801380	C	T	0|0	0|0	0|0	0|0	0|0	0|0	0|0
12997371	ENSG00000272455	1	rs2313198	A	C	0|1	0|0	0|0	0|0	0|0	0|0	0|0
13191781	ENSG00000272455	1	rs34500387	AG	A	1|1	1|1	1|1	1|1	1|1	1|1	1|0
13510391	ENSG00000272455	1	rs141289858	G	C	0|0	0|0	0|0	0|0	0|0	0|0	0|1
12884711	ENSG00000272455	1	rs3766183	C	T	1|1	1|1	1|1	1|1	1|1	1|1	1|0
13555831	ENSG00000272455	1	rs1781133	C	A	0|0	0|0	0|0	0|0	0|0	0|0	0|0
13950121	ENSG00000272455	1	rs2649603	T	C	0|0	0|0	0|0	0|0	0|0	0|0	0|0
13671931	ENSG00000272455	1	rs2291887	G	T	1|0	0|0	1|0	0|0	0|0	0|0	0|0
14255021	ENSG00000272455	1	rs2242395	A	G	0|0	0|0	0|0	0|0	0|0	0|0	0|0
12926261	ENSG00000272455	1	rs2649607	C	T	0|0	0|0	0|0	0|0	0|0	0|0	0|0
13860161	ENSG00000272455	1	rs34301361	A	G	1|0	0|0	1|0	0|0	0|0	0|0	0|0
13943841	ENSG00000272455	1	rs1751469	T	C	0|0	0|0	0|0	0|0	0|0	0|0	0|0
12848581	ENSG00000272455	1	rs192206643	A	C	1|1	1|1	1|1	1|1	1|1	1|1	1|1
13013881	ENSG00000272455	1	rs71628956	A	G	0|1	0|0	0|0	0|0	0|0	0|0	0|0
13842951	ENSG00000272455	1	rs11485865	G	A	1|0	0|0	1|0	0|0	0|0	0|0	0|0
13913041	ENSG00000272455	1	rs1695873	T	C	1|0	0|0	0|0	0|0	0|0	0|0	0|0
14150631	ENSG00000272455	1	rs1153104	T	G	0|0	0|0	0|0	0|0	0|0	0|0	0|0
13014421	ENSG00000272455	1	rs76662808	T	C	0|1	0|0	0|0	0|0	0|0	0|0	0|0
13855731	ENSG00000272455	1	rs1240588	C	T	0|0	0|0	0|0	0|0	0|0	0|0	0|0
14305841	ENSG00000272455	1	rs904586	T	C	0|0	0|0	0|0	0|0	0|0	0|0	0|1
13038941	ENSG00000272455	1	rs35716478	C	G	0|1	0|0	0|0	0|0	0|0	0|0	0|0
14154761	ENSG00000272455	1	rs1153106	G	C	0|0	0|0	0|0	0|0	0|0	0|0	0|0
12953231	ENSG00000272455	1	rs34389364	G	A	1|1	1|1	1|1	1|1	1|1	1|1	1|0
13615551	ENSG00000272455	1	rs1695848	T	C	0|0	0|0	0|0	0|0	0|0	0|0	0|0
13871671	ENSG00000272455	1	rs1695859	A	C	1|0	0|0	1|0	0|0	0|0	0|0	0|0
14311651	ENSG00000272455	1	rs9792879	C	T	0|0	0|0	0|0	0|0	0|1	0|0	0|0
12743501	ENSG00000272455	1	rs307368	A	G	1|1	1|1	1|1	1|1	1|1	1|1	1|0
12945181	ENSG00000272455	1	rs34782209	C	T	1|1	1|1	1|1	1|1	1|1	1|1	1|0
13751851	ENSG00000272455	1	rs1240699	G	C	1|0	0|0	1|0	0|0	0|0	0|0	0|0
13894721	ENSG00000272455	1	rs1695862	A	G	1|0	0|0	1|0	0|0	0|0	0|0	0|0
13594821	ENSG00000272455	1	rs1695850	G	T	0|0	0|0	0|0	0|0	0|0	0|0	0|0
13947371	ENSG00000272455	1	rs75201061	C	A	0|0	0|0	0|0	0|0	0|0	0|0	0|0
13781021	ENSG00000272455	1	rs112270823	A	G	0|0	0|0	0|0	0|0	0|0	0|0	0|0
13121321	ENSG00000272455	1	rs2765031	T	C	1|1	1|1	1|1	1|1	1|1	1|1	1|0
12618241	ENSG00000272455	1	rs307348	G	C	1|1	1|1	1|1	1|1	1|1	1|1	1|0
14257001	ENSG00000272455	1	rs819980	T	C	0|0	0|0	0|0	0|0	0|0	0|0	0|1
13905141	ENSG00000272455	1	rs1695865	T	A	0|0	0|0	0|0	0|0	0|0	0|0	0|0
13950381	ENSG00000272455	1	rs2649602	G	A	0|0	0|0	0|0	0|0	0|0	0|0	0|0
13933021	ENSG00000272455	1	rs11488466	T	C	0|0	0|0	0|0	0|0	0|0	0|0	0|0
12607331	ENSG00000272455	1	rs307346	A	C	1|1	1|1	1|1	1|1	1|1	1|1	1|0
13054931	ENSG00000272455	1	rs2649599	A	G	1|0	1|1	1|1	1|1	1|1	1|1	1|0
13005401	ENSG00000272455	1	rs28890279	A	G	0|1	0|0	0|0	0|0	0|0	0|0	0|0
13591411	ENSG00000272455	1	rs200966758	CCAT	C	0|0	0|0	0|0	0|0	0|0	0|0	0|0
13677351	ENSG00000272455	1	rs2291885	G	A	1|0	0|0	1|0	0|0	0|0	0|0	0|0
13031021	ENSG00000272455	1	rs201555063	TTTTA	T	0|1	0|0	0|0	0|0	0|0	0|0	0|0
13628941	ENSG00000272455	1	rs61005686	C	T	0|0	0|1	0|0	1|0	0|0	0|0	0|0
13545941	ENSG00000272455	1	rs3766165	A	G	0|0	0|0	0|0	0|0	0|0	0|0	0|1
13971401	ENSG00000272455	1	rs28697106	C	A	0|0	0|0	0|0	0|0	0|0	0|0	0|0
12868211	ENSG00000272455	1	rs61766214	G	C	1|1	1|1	1|1	1|1	1|1	1|1	1|0
13158931	ENSG00000272455	1	rs2454652	C	T	1|1	1|1	1|1	1|1	1|1	1|1	1|0
13043711	ENSG00000272455	1	rs35710126	C	T	0|1	0|0	0|0	0|0	0|0	0|0	0|0
14252961	ENSG00000272455	1	rs41285828	C	T	0|0	0|0	0|0	0|0	0|0	0|0	0|1
12760771	ENSG00000272455	1	rs3855955	G	A	0|0	1|1	1|0	0|0	0|0	0|0	1|0
13946631	ENSG00000272455	1	rs76548509	AC	A	0|0	0|0	0|0	0|0	0|0	0|0	0|0
13714591	ENSG00000272455	1	rs1240700	A	G	1|0	0|0	1|0	0|0	0|0	0|0	0|0
13717681	ENSG00000272455	1	rs76142405	CA	C	1|0	0|0	1|0	0|0	0|0	0|0	0|0
12988341	ENSG00000272455	1	rs201602842	GAC	G	1|0	1|1	0|1	0|1	1|1	1|1	1|1
13668301	ENSG00000272455	1	rs873927	A	G	1|0	0|0	1|0	0|0	0|0	0|0	0|0
13032541	ENSG00000272455	1	rs34316807	A	T	0|1	0|0	0|0	0|0	0|0	0|0	0|0
14324851	ENSG00000272455	1	rs111691241	T	G	0|0	0|0	0|0	0|0	0|0	0|0	0|0
13046621	ENSG00000272455	1	rs34487973	G	A	0|1	0|0	0|0	0|0	0|0	0|0	0|0
13621901	ENSG00000272455	1	rs1781137	C	G	1|0	0|0	0|0	0|0	0|0	0|0	0|0
13243241	ENSG00000272455	1	rs9726836	G	A	0|1	1|1	1|1	1|1	1|1	1|1	1|0
12924261	ENSG00000272455	1	rs35694341	C	G	1|1	1|1	1|1	1|1	1|1	1|1	1|0
13386201	ENSG00000272455	1	rs35371925	CCTTT	C	0|0	0|0	0|0	0|0	0|0	0|0	0|1
14180041	ENSG00000272455	1	rs819972	T	C	0|0	0|0	0|0	0|0	0|0	0|0	0|1
13616411	ENSG00000272455	1	rs12030806	C	T	1|0	0|0	0|0	0|0	0|0	0|0	0|0
14040161	ENSG00000272455	1	rs12089719	G	A	0|0	0|0	0|0	0|0	0|0	0|0	0|0
13946531	ENSG00000272455	1	rs34719940	T	C	0|0	0|0	0|0	0|0	0|0	0|0	0|0
13083871	ENSG00000272455	1	rs12408051	G	A	0|1	0|0	0|0	0|0	0|0	0|0	0|0
12732781	ENSG00000272455	1	rs307370	A	G	1|0	1|1	1|1	1|1	1|1	1|1	1|0
12985331	ENSG00000272455	1	rs4596826	T	G	1|1	1|1	1|1	1|1	1|1	1|1	1|0
12867411	ENSG00000272455	1	rs192910940	G	C	1|0	1|0	0|1	0|0	0|0	0|0	0|1
13469051	ENSG00000272455	1	rs1240719	T	A	0|0	0|0	0|0	0|0	0|0	0|0	0|1
13700671	ENSG00000272455	1	rs76731745	C	G	1|0	0|0	1|0	0|0	0|0	0|0	0|0
12491871	ENSG00000272455	1	rs12142199	G	A	1|0	1|1	1|1	1|1	1|1	1|1	1|0
13011991	ENSG00000272455	1	rs70949577	CA	C	1|1	1|1	1|1	1|1	1|1	1|1	1|1
13924131	ENSG00000272455	1	rs35334427	A	C	1|0	0|0	1|0	0|0	0|0	0|0	0|0
13805671	ENSG00000272455	1	rs1153092	T	G	1|0	0|0	1|0	0|0	0|0	0|0	0|0
13507651	ENSG00000272455	1	rs146584313	T	C	0|0	0|0	0|0	0|0	0|0	0|0	0|1
13582081	ENSG00000272455	1	rs1695857	G	T	0|0	0|0	0|0	0|0	0|0	0|0	0|0
13545151	ENSG00000272455	1	rs904589	C	G	0|0	0|0	0|0	0|0	0|0	0|0	0|1
13436661	ENSG00000272455	1	rs28418680	G	A	0|0	0|0	0|0	0|0	0|0	0|0	0|1
12548411	ENSG00000272455	1	rs10907179	C	G	1|1	1|1	1|1	1|1	1|1	1|1	1|0
13943471	ENSG00000272455	1	rs1751470	T	C	0|0	0|0	0|0	0|0	0|0	0|0	0|0
13641431	ENSG00000272455	1	rs1695826	A	G	0|0	0|0	0|0	0|0	0|0	0|0	0|0
14254121	ENSG00000272455	1	rs2649579	A	G	0|0	0|0	0|0	0|0	0|0	0|0	0|1
13971471	ENSG00000272455	1	rs28413040	A	G	0|0	0|0	0|0	0|0	0|0	0|0	0|0
13852111	ENSG00000272455	1	rs1312568	A	G	1|0	0|0	1|0	0|0	0|0	0|0	0|0
12970651	ENSG00000272455	1	rs2765023	C	T	0|1	0|0	0|0	0|0	0|0	0|0	0|0
13758101	ENSG00000272455	1	rs4590	C	G	1|0	0|0	1|0	0|0	0|0	0|0	0|0
13020611	ENSG00000272455	1	rs75681267	T	TGA	0|1	0|0	0|0	0|0	0|0	0|0	0|0
13908751	ENSG00000272455	1	rs1781147	C	T	1|0	0|0	1|0	0|0	0|0	0|0	0|0
1437887	ENSG00000272455	1	rs79058850	A	C	0|0	0|0	0|0	0|0	0|0	0|0	0|0
13587481	ENSG00000272455	1	rs1695853	G	A	0|0	0|0	0|0	0|0	0|0	0|0	0|0
13467031	ENSG00000272455	1	rs1240718	A	C	1|0	0|0	0|0	0|0	0|0	0|0	0|1
13334361	ENSG00000272455	1	rs1240743	C	A	1|1	0|0	0|0	1|1	1|1	1|1	0|1
12985371	ENSG00000272455	1	rs2477784	C	T	1|1	1|1	1|1	1|1	1|1	1|1	1|0
13462571	ENSG00000272455	1	rs1240717	A	G	0|0	0|0	0|0	0|0	0|0	0|0	0|1
12996621	ENSG00000272455	1	rs34639471	T	G	0|1	0|0	0|0	0|0	0|0	0|0	0|0
13601991	ENSG00000272455	1	rs112333621	C	T	0|0	0|0	0|0	0|0	0|0	0|0	0|0
13008941	ENSG00000272455	1	rs2985899	C	A	1|1	1|1	1|1	1|1	0|1	1|1	1|1
13565501	ENSG00000272455	1	rs12089560	A	G	0|0	0|0	0|0	0|0	0|0	0|0	0|1
13239651	ENSG00000272455	1	rs146981251	A	C	0|0	0|0	0|0	0|0	0|0	1|0	0|1
13922711	ENSG00000272455	1	rs1695871	T	C	1|0	0|0	1|0	1|0	0|0	0|0	0|0
12800141	ENSG00000272455	1	rs307359	A	G	1|1	1|1	1|1	1|1	1|1	1|1	1|0
14217341	ENSG00000272455	1	rs77085485	G	C	0|0	0|0	0|0	0|0	0|0	0|0	0|0
12595691	ENSG00000272455	1	rs180761268	A	G	1|0	0|1	1|1	1|1	1|1	1|1	0|0
13001011	ENSG00000272455	1	rs35642451	C	T	0|1	0|0	0|0	0|0	0|0	0|0	0|0
13892501	ENSG00000272455	1	rs4970374	A	C	1|0	0|0	1|0	0|0	0|0	0|0	0|0
13029811	ENSG00000272455	1	rs201629307	TGTTGAGTGA	T	0|0	0|0	0|0	0|0	0|0	0|0	0|0
13101811	ENSG00000272455	1	rs112533928	A	G	0|0	0|0	0|0	0|0	0|0	0|0	0|1
13051211	ENSG00000272455	1	rs34828044	C	T	0|1	0|0	0|0	0|0	0|0	0|0	0|0
13041431	ENSG00000272455	1	rs36066545	G	A	0|1	0|0	0|0	0|0	0|0	0|0	0|0
13209331	ENSG00000272455	1	rs9661288	G	A	1|1	1|1	1|1	1|1	1|0	1|1	1|0
13019441	ENSG00000272455	1	rs200690143	GT	G	1|0	1|0	1|1	1|1	1|1	1|1	1|0
12544431	ENSG00000272455	1	rs1886772	G	A	1|1	1|1	1|1	1|1	1|1	1|1	1|0
14307071	ENSG00000272455	1	rs819984	C	T	0|0	0|0	0|0	0|0	0|0	0|0	0|0
12541361	ENSG00000272455	1	rs4970432	G	A	1|1	1|1	1|1	1|1	1|1	1|1	1|0
13049361	ENSG00000272455	1	rs4498744	C	G	0|1	0|0	0|0	0|0	0|0	0|0	0|0
12965431	ENSG00000272455	1	rs113960113	AACAC	A	0|0	0|0	0|0	0|0	0|0	0|0	0|0
13628821	ENSG00000272455	1	rs60301223	A	T	0|1	0|1	0|0	1|1	0|0	0|0	0|0
12978501	ENSG00000272455	1	rs2765020	A	T	1|1	1|0	0|1	1|1	1|1	0|1	1|0
13922091	ENSG00000272455	1	rs2936660	G	C	1|0	0|0	1|0	0|0	0|0	0|0	0|0
12974221	ENSG00000272455	1	rs2765021	C	T	1|1	1|1	1|1	1|1	1|1	1|1	1|0
13166481	ENSG00000272455	1	rs2765030	C	T	1|1	1|1	1|1	1|1	1|1	1|1	1|0
14173391	ENSG00000272455	1	rs705580	C	T	0|0	0|0	0|0	0|0	0|0	0|0	0|1
12764101	ENSG00000272455	1	rs3855956	C	A	0|1	1|1	1|1	1|1	1|1	1|1	1|0
13492781	ENSG00000272455	1	rs34872099	T	C	0|0	0|0	0|0	0|0	0|0	0|0	0|1
12991291	ENSG00000272455	1	rs2313197	C	T	1|1	1|1	1|1	1|1	1|1	1|1	1|1
13357901	ENSG00000272455	1	rs1240708	A	G	1|0	0|0	0|0	0|0	0|0	0|0	0|1
12970591	ENSG00000272455	1	rs35056373	G	A	1|0	1|1	1|1	1|1	1|1	1|1	1|1
13055611	ENSG00000272455	1	rs17160669	C	T	0|1	0|0	0|0	0|0	0|0	0|0	0|0
12942871	ENSG00000272455	1	rs12731385	C	A	1|1	1|1	1|1	1|1	1|1	1|1	1|0
14176961	ENSG00000272455	1	rs819970	C	G	1|1	0|0	0|0	1|1	0|0	1|1	0|1
13115421	ENSG00000272455	1	rs9730511	G	C	1|0	1|1	1|1	1|1	1|1	1|1	1|0
14215311	ENSG00000272455	1	rs819976	C	A	0|0	0|0	0|0	0|0	0|0	0|0	0|1
13109751	ENSG00000272455	1	rs2649594	C	T	1|1	1|1	1|1	1|1	1|1	1|1	1|0
1434719	ENSG00000272455	1	rs111923050	T	C	0|0	0|0	0|0	0|0	0|0	0|0	0|0
12972131	ENSG00000272455	1	rs2649610	G	C	1|1	1|1	1|1	1|1	1|1	1|1	1|0
12575931	ENSG00000272455	1	rs1810745	A	G	1|1	1|1	1|1	1|1	1|1	1|1	1|0
12629661	ENSG00000272455	1	rs307349	C	T	1|1	1|1	1|1	1|1	1|1	1|1	1|0
12631441	ENSG00000272455	1	rs307350	G	A	1|1	1|1	1|1	1|1	1|1	1|1	1|0
13382801	ENSG00000272455	1	rs112491004	A	G	0|0	0|0	0|0	0|0	0|0	0|0	0|1
13601071	ENSG00000272455	1	rs2801381	C	A	1|0	0|0	0|0	0|0	0|0	0|0	0|0
12937641	ENSG00000272455	1	rs34841888	G	C	1|0	1|1	1|1	1|1	1|1	1|1	1|0
13950421	ENSG00000272455	1	rs150487455	C	T	0|0	0|0	0|0	0|0	0|0	0|0	0|0
14048091	ENSG00000272455	1	rs1240732	A	G	0|0	0|0	0|0	0|0	0|0	0|0	0|0
13628481	ENSG00000272455	1	rs12116538	A	T	0|0	0|1	0|0	0|1	1|0	0|0	1|0
13687541	ENSG00000272455	1	rs1240701	T	C	1|0	0|0	1|0	0|0	0|0	0|0	0|0
14036341	ENSG00000272455	1	rs75395365	T	A	0|0	0|0	0|0	0|0	0|0	0|0	0|0
13113781	ENSG00000272455	1	rs2477776	T	A	1|1	1|1	1|1	1|1	1|1	1|1	1|0
13574611	ENSG00000272455	1	rs1781134	C	T	0|0	0|0	0|0	0|0	0|0	0|0	0|1
13902281	ENSG00000272455	1	rs1623400	T	C	1|0	0|0	1|0	0|0	0|0	0|0	0|0
13924511	ENSG00000272455	1	rs1781149	C	T	1|0	0|0	1|0	0|0	0|0	0|0	0|0
1439671	ENSG00000272455	1	rs12021879	C	G	0|0	0|0	0|0	0|0	0|0	0|0	0|0
13230781	ENSG00000272455	1	rs12729599	A	G	0|1	1|1	1|1	1|1	1|1	1|1	1|0
13588581	ENSG00000272455	1	rs1695852	C	T	0|0	0|0	0|0	0|0	0|0	0|0	0|0
13970011	ENSG00000272455	1	rs28722863	T	G	0|0	0|0	0|0	0|0	0|0	0|0	0|0
14331211	ENSG00000272455	1	rs75035967	CTG	C	0|0	0|0	0|0	0|0	0|0	0|0	0|0
13043921	ENSG00000272455	1	rs34561833	C	CG	0|1	0|0	0|0	0|0	0|0	0|0	0|0
13882681	ENSG00000272455	1	rs1627833	C	A	1|0	0|0	1|0	0|0	0|0	0|0	0|0
12731161	ENSG00000272455	1	rs307371	A	G	1|1	1|1	1|1	1|1	1|1	1|1	1|0
12582461	ENSG00000272455	1	rs3845293	A	C	1|1	1|1	1|1	1|1	1|1	1|1	1|0
13406961	ENSG00000272455	1	rs4970446	T	C	0|0	0|0	0|0	0|0	0|0	0|0	0|1
13878911	ENSG00000272455	1	rs1624483	A	G	1|0	0|0	1|0	0|0	0|0	0|0	0|0
1436783	ENSG00000272455	1	rs6691246	T	C	0|0	0|0	1|0	0|0	0|0	0|0	0|0
13082891	ENSG00000272455	1	rs12408046	G	A	0|1	0|0	0|0	0|0	0|0	0|0	0|0
12990681	ENSG00000272455	1	rs35742679	C	T	0|1	0|0	0|0	0|0	0|0	0|0	0|0
13378371	ENSG00000272455	1	rs1240709	A	G	1|0	0|0	0|0	0|0	0|0	0|0	0|1
14132301	ENSG00000272455	1	rs79272519	C	G	0|0	0|0	0|0	0|0	0|0	0|0	0|0
14054141	ENSG00000272455	1	rs1240733	T	C	0|0	0|0	0|0	0|0	0|0	0|0	0|0
12868971	ENSG00000272455	1	rs34380086	G	C	1|1	1|1	1|1	1|1	1|1	1|1	1|0
12752641	ENSG00000272455	1	rs12037363	A	G	0|1	0|0	0|0	0|0	0|1	0|1	0|0
12992601	ENSG00000272455	1	rs36087904	A	G	0|1	0|0	0|0	0|0	0|0	0|0	0|0
13624601	ENSG00000272455	1	rs144899239	C	T	0|0	0|0	0|0	0|0	0|0	0|0	0|0
14070431	ENSG00000272455	1	rs1240735	A	C	0|0	0|0	0|0	0|0	0|0	0|0	0|0
12651541	ENSG00000272455	1	rs307355	T	C	1|1	1|1	1|1	1|1	0|1	1|1	1|0
13033451	ENSG00000272455	1	rs75064234	A	G	0|1	0|0	0|0	0|0	0|0	0|0	0|0
14192781	ENSG00000272455	1	rs819975	G	A	0|0	0|0	0|0	0|0	0|0	0|0	0|1
13161701	ENSG00000272455	1	rs2649587	G	A	1|1	1|1	1|1	1|1	1|1	1|1	1|0
12544361	ENSG00000272455	1	rs1886773	A	G	1|1	1|1	1|1	1|1	1|1	1|1	1|1
1436109	ENSG00000272455	1	rs9439434	G	A	0|0	0|0	0|0	0|0	0|0	0|0	0|0
13762141	ENSG00000272455	1	rs1240698	C	G	1|0	0|0	1|0	0|0	0|0	0|0	0|0
13015251	ENSG00000272455	1	rs201440847	TGTGAA	T	0|1	0|0	0|0	0|0	0|0	0|0	0|0
13021061	ENSG00000272455	1	rs72896260	T	G	0|1	0|0	0|0	0|0	0|0	0|0	0|0
13503911	ENSG00000272455	1	rs112401380	A	G	0|0	0|0	0|0	0|0	0|0	0|0	0|1
13307261	ENSG00000272455	1	rs1240746	A	G	1|0	0|0	0|0	0|0	0|0	0|0	0|1
13150441	ENSG00000272455	1	rs2368566	G	A	1|1	1|1	1|1	1|1	1|1	1|1	1|0
13115331	ENSG00000272455	1	rs2649590	G	C	1|1	1|1	1|1	1|1	1|1	1|1	1|0
12867861	ENSG00000272455	1	rs113488343	A	T	0|0	0|0	0|0	0|0	0|0	0|0	0|0
13166741	ENSG00000272455	1	rs2649585	C	T	1|1	1|1	1|1	1|1	1|1	1|1	1|0
13114721	ENSG00000272455	1	rs2649591	G	A	1|1	1|1	1|0	1|1	1|1	1|1	1|0
13252071	ENSG00000272455	1	rs1240748	C	T	0|1	1|1	1|1	1|1	1|1	1|1	1|0
12554031	ENSG00000272455	1	rs5772041	TG	T	1|1	1|1	1|1	1|1	1|1	1|1	1|0
13909971	ENSG00000272455	1	rs1781148	T	G	1|0	0|0	1|0	0|0	0|0	0|0	0|0
13059121	ENSG00000272455	1	rs35566806	C	T	0|1	0|0	0|0	0|0	0|0	0|0	0|0
13628341	ENSG00000272455	1	rs112393080	C	G	0|0	0|0	0|0	0|1	1|0	0|0	0|0
12956821	ENSG00000272455	1	rs35705386	A	G	1|1	1|1	1|1	1|1	1|1	1|1	1|0
13663941	ENSG00000272455	1	rs2004444	G	A	1|0	0|0	1|0	0|0	0|0	0|0	0|0
13662881	ENSG00000272455	1	rs1695823	A	G	1|0	0|0	1|0	0|0	0|0	0|0	0|0
13669171	ENSG00000272455	1	rs873926	G	C	1|0	0|0	1|0	0|0	0|0	0|0	0|0
12989821	ENSG00000272455	1	rs112431693	T	C	0|1	0|0	0|0	0|0	0|0	0|0	0|0
13304301	ENSG00000272455	1	rs113548627	G	A	0|0	0|0	0|0	0|0	0|0	0|0	0|1
13147071	ENSG00000272455	1	rs2260423	A	G	1|1	1|1	1|1	1|1	1|1	1|1	1|1
14084691	ENSG00000272455	1	rs1240737	T	C	0|0	0|0	0|0	0|0	0|0	0|0	0|1
13030501	ENSG00000272455	1	rs199765271	GGTGA	G	0|1	0|0	0|0	0|0	0|0	0|0	0|0
12601681	ENSG00000272455	1	rs61766199	C	A	1|1	1|1	1|1	1|1	1|1	1|1	1|0
13110781	ENSG00000272455	1	rs2649592	G	T	1|1	1|1	1|1	1|1	1|1	1|1	1|0
13864081	ENSG00000272455	1	rs34568062	T	A	1|0	0|0	1|0	0|0	0|0	0|0	0|0
12752911	ENSG00000272455	1	rs11582808	G	A	1|0	1|0	0|0	1|0	1|0	1|0	1|0
13965741	ENSG00000272455	1	rs201768958	T	TTC	0|0	0|0	0|0	0|0	0|0	0|0	0|0
13353021	ENSG00000272455	1	rs1240707	C	T	0|0	0|0	0|0	0|0	0|0	0|0	0|1
12655051	ENSG00000272455	1	rs35946613	G	A	1|0	1|1	1|1	1|1	1|1	1|1	1|0
13513561	ENSG00000272455	1	rs112581014	G	A	0|0	0|0	0|0	0|0	0|0	0|0	0|1
13000741	ENSG00000272455	1	rs35955667	T	C	0|1	0|0	0|0	0|0	0|0	0|0	0|0
12625911	ENSG00000272455	1	rs2296472	C	T	1|1	1|1	1|1	1|1	1|1	1|1	1|0
13621511	ENSG00000272455	1	rs11800029	G	C	0|0	0|0	0|0	0|0	0|0	0|0	0|0
13733351	ENSG00000272455	1	rs3843248	C	G	1|0	0|0	1|0	0|0	0|0	1|0	0|1
